84
21
22
18
24
11
25
3
33
15
61
32
76
38
43
1
51
10
40
18
8
32
98
30
11
20
14
27
42
1
31
26
1
32
37
3
44
52
55
49
37
75
38
36
40
14
1
92
39
50
51
12
31
71
10
34
51
48
49
33
37
33
15
41
48
8
41
24
13
53
7
67
22
11
13
11
39
3
25
12
31
18
20
6
33
29
17
48
32
12
26
79
92
0
58
85
94
53
18
34
64
13
49
37
9
48
30
40
61
44
24
4
20
15
12
22
8
15
30
8
33
68
52
40
26
12
30
40
23
47
53
68
44
23
38
48
46
83
33
31
69
9
42
41
33
42
29
57
17
27
12
84
8
89
39
25
39
80
50
55
18
69
23
16
46
25
17
86
16
24
0
3
26
60
30
56
17
56
9
35
52
36
31
26
17
64
19
18
19
16
3
8
57
13
10
45
30
15
31
51
26
48
32
27
75
18
10
57
61
18
13
10
35
4
29
55
13
21
24
48
8
21
10
46
14
61
36
20
27
53
74
73
42
53
80
46
50
40
6
7
84
49
2
51
7
97
56
99
48
17
10
20
74
28
42
44
28
1
29
29
2
46
34
79
12
75
16
75
18
30
30
20
38
5
47
25
14
16
25
33
43
29
1
38
29
58
2
44
34
80
21
36
4
82
18
19
79
45
20
52
22
24
3
12
14
2
41
57
53
46
28
6
77
62
27
57
10
32
7
7
54
34
16
49
38
47
2
45
23
41
0
19
98
47
20
26
48
61
2
61
20
45
41
23
41
20
33
35
50
52
66
22
23
8
32
3
79
44
54
27
64
3
8
32
26
15
12
26
63
0
9
55
31
34
50
4
98
10
35
38
18
14
43
12
32
74
23
86
29
54
22
28
6
46
56
23
79
10
8
54
35
51
37
29
9
48
68
29
12
1
6
29
27
36
44
11
30
4
18
57
4
54
59
88
13
8
41
24
15
29
7
18
11
62
59
24
61
18
66
11
54
0
59
4
54
14
71
0
58
13
59
15
17
10
20
5
4
22
71
42
16
40
16
64
32
24
25
76
9
4
17
6
58
16
11
3
41
47
12
3
19
34
10
35
35
35
9
55
63
20
36
25
0
34
28
20
47
39
30
39
22
63
17
44
70
18
49
63
36
33
73
54
0
35
17
64
3
62
52
45
31
96
63
14
0
33
18
41
33
34
27
68
23
21
19
12
10
21
13
53
32
9
43
7
3
60
45
72
16
16
6
59
34
34
24
16
27
6
83
17
52
54
49
6
27
51
31
79
65
26
11
60
90
12
10
55
19
6
14
83
59
49
35
22
44
43
7
26
44
80
54
42
24
21
69
5
47
18
90
31
37
5
49
7
9
6
23
28
49
82
6
84
52
57
40
58
23
14
19
23
47
94
92
5
76
52
40
5
39
11
14
49
42
42
37
15
57
97
7
32
12
73
38
72
2
77
20
30
50
50
42
57
41
33
41
7
19
51
83
87
45
42
37
9
52
14
4
1
22
32
18
37
29
49
0
50
44
39
11
14
50
60
4
62
70
30
46
21
5
14
27
10
27
21
7
23
91
43
19
30
41
0
29
71
10
94
22
61
26
12
34
4
14
44
91
39
10
24
6
4
37
52
2
55
18
63
32
30
73
19
74
42
30
11
27
74
41
3
51
77
52
32
0
11
38
2
12
75
2
6
64
33
42
15
5
57
76
16
20
17
29
33
1
60
52
40
41
17
4
12
58
56
53
78
17
16
5
38
15
19
37
29
59
42
18
62
37
38
68
49
5
10
35
29
62
60
23
53
32
68
16
36
34
35
1
41
32
46
38
13
31
64
37
56
10
6
62
36
39
11
58
7
34
13
9
22
56
29
59
4
81
29
0
47
62
13
16
91
16
15
24
28
26
22
6
10
10
46
56
27
2
48
0
18
24
17
47
4
85
23
28
15
60
7
21
12
32
46
22
47
53
35
3
1
18
61
74
50
27
34
50
18
78
13
10
74
9
6
40
91
39
45
25
10
66
15
49
32
0
49
40
47
9
27
57
10
6
90
13
18
0
81
38
14
31
17
21
48
8
72
53
54
44
7
36
36
71
4
43
10
66
23
34
14
16
99
86
19
26
13
34
34
11
47
47
84
9
33
42
10
23
10
74
28
16
55
34
65
22
89
20
31
22
60
55
48
66
18
32
14
15
0
37
44
68
45
36
46
13
22
86
31
24
4
38
40
79
25
32
39
44
1
7
26
34
21
10
21
9
40
13
